116
luzonicum  0.0000000 0.0213475 0.0165796 0.0228239 0.0177275 0.0201121 0.0169577 0.0165850 0.0189046 0.0083616 0.0122726 0.0146502 0.0226192 0.0201121 0.0007577 0.0074393 0.0023226 0.0165858 0.0007577 0.0201096 0.0189060 0.0084610 0.0177281 0.0176864 0.0000010 0.0065390 0.0189072 0.0065390 0.0177290 0.0239261 0.0177290 0.0201117 0.0176864 0.0177977 0.0201113 0.0177290 0.0239261 0.0083616 0.0165850 0.0246666 0.0213520 0.0226198 0.0021000 0.0189092 0.0113765 0.0213520 0.0201110 0.0247837 0.0122738 0.0213506 0.0093056 0.0201125 0.0177281 0.0201117 0.0166441 0.0166410 0.0213475 0.0189781 0.0166298 0.0177329 0.0176864 0.0144272 0.0122729 0.0166445 0.0247837 0.0122729 0.0134914 0.0201125 0.0201134 0.0023226 0.0177321 0.0198253 0.0191940 0.0177310 0.0102710 0.0177290 0.0189048 0.0146502 0.0201117 0.0015334 0.0189072 0.0147327 0.0189092 0.0155220 0.0177300 0.0122726 0.0176896 0.0226198 0.0189076 0.0206084 0.0201082 0.0165808 0.0165850 0.0047968 0.0137086 0.0194477 0.0177300 0.0177957 0.0178772 0.0218497 0.0169460 0.0177939 0.0204408 0.0177290 0.0213529 0.0177307 0.0122726 0.0201132 0.0093056 0.0075235 0.0000010 0.0213517 0.0165854 0.0178276 0.0000010 0.0253440 
lautum     0.0213475 0.0000000 0.0093073 0.0000010 0.0065413 0.0093087 0.0104887 0.0102734 0.0083642 0.0154652 0.0165805 0.0020917 0.0038961 0.0112643 0.0226182 0.0165817 0.0201104 0.0093076 0.0226182 0.0007579 0.0065418 0.0134801 0.0056601 0.0000010 0.0213475 0.0154636 0.0083652 0.0154636 0.0056603 0.0015319 0.0074421 0.0083645 0.0000010 0.0093405 0.0056597 0.0056603 0.0015319 0.0154652 0.0102734 0.0052686 0.0122779 0.0007580 0.0210548 0.0112632 0.0134528 0.0122779 0.0093079 0.0000010 0.0165821 0.0102746 0.0165844 0.0074421 0.0056601 0.0083645 0.0133610 0.0023301 0.0000010 0.0113024 0.0103002 0.0112645 0.0043058 0.0074671 0.0165811 0.0074668 0.0000010 0.0165811 0.0048567 0.0074421 0.0133165 0.0201104 0.0154686 0.0173664 0.0084777 0.0112634 0.0177300 0.0074421 0.0065414 0.0020917 0.0074418 0.0226396 0.0083652 0.0066888 0.0112632 0.0065624 0.0074424 0.0189028 0.0043064 0.0023235 0.0122789 0.0000010 0.0023231 0.0056603 0.0143774 0.0201099 0.0085985 0.0080756 0.0074424 0.0103089 0.0000010 0.0157180 0.0099416 0.0123173 0.0084842 0.0065418 0.0000010 0.0112621 0.0165805 0.0093088 0.0165844 0.0147707 0.0177932 0.0122777 0.0112627 0.0000010 0.0176864 0.0123100 
plicatum   0.0165796 0.0093073 0.0000000 0.0132963 0.0065413 0.0102747 0.0075926 0.0112631 0.0039558 0.0122738 0.0154635 0.0020917 0.0148417 0.0102751 0.0177266 0.0133108 0.0154632 0.0102747 0.0177266 0.0083637 0.0074425 0.0103970 0.0047988 0.0043058 0.0165796 0.0122726 0.0056611 0.0122726 0.0065417 0.0112638 0.0065417 0.0083645 0.0043058 0.0074677 0.0122752 0.0065417 0.0112638 0.0122738 0.0112631 0.0130359 0.0074430 0.0102740 0.0147223 0.0122776 0.0124026 0.0074430 0.0031310 0.0130905 0.0154651 0.0056610 0.0133121 0.0083647 0.0047988 0.0083645 0.0123191 0.0103073 0.0093073 0.0065632 0.0056740 0.0102753 0.0043058 0.0048138 0.0143748 0.0083925 0.0130905 0.0143748 0.0066223 0.0083647 0.0122786 0.0154632 0.0133152 0.0128275 0.0084774 0.0065418 0.0143748 0.0065417 0.0074420 0.0020917 0.0083645 0.0177416 0.0056611 0.0052552 0.0122776 0.0074671 0.0047990 0.0177273 0.0043064 0.0122769 0.0112657 0.0081135 0.0102730 0.0056603 0.0133141 0.0165796 0.0007777 0.0070909 0.0047990 0.0056786 0.0093782 0.0138474 0.0068343 0.0074663 0.0084841 0.0065417 0.0125180 0.0122757 0.0154635 0.0065425 0.0133121 0.0167885 0.0133569 0.0093089 0.0102745 0.0093546 0.0118087 0.0123098 
tinoides   0.0228239 0.0000010 0.0132963 0.0000000 0.0079334 0.0118908 0.0118914 0.0092102 0.0118904 0.0147507 0.0162550 0.0020917 0.0038961 0.0132986 0.0246172 0.0162567 0.0210949 0.0066964 0.0246172 0.0010370 0.0066961 0.0147507 0.0079329 0.0000010 0.0228239 0.0147507 0.0092107 0.0147507 0.0054956 0.0010371 0.0079336 0.0079342 0.0000010 0.0105298 0.0043314 0.0054956 0.0010371 0.0147507 0.0092102 0.0052686 0.0132986 0.0010371 0.0210548 0.0092114 0.0162550 0.0132986 0.0132974 0.0000010 0.0147512 0.0132974 0.0147507 0.0066961 0.0079329 0.0079342 0.0147534 0.0032011 0.0000010 0.0147534 0.0118904 0.0118920 0.0043058 0.0092107 0.0147499 0.0092102 0.0000010 0.0147499 0.0054961 0.0066961 0.0147557 0.0210949 0.0178181 0.0173664 0.0084777 0.0118904 0.0162545 0.0079336 0.0079328 0.0020917 0.0079332 0.0246172 0.0092107 0.0066888 0.0092114 0.0066961 0.0092107 0.0178122 0.0043064 0.0021039 0.0147557 0.0000010 0.0032011 0.0066961 0.0132979 0.0210949 0.0118894 0.0088880 0.0092107 0.0132974 0.0000010 0.0157180 0.0099416 0.0118892 0.0080885 0.0079342 0.0000010 0.0105278 0.0162550 0.0118910 0.0147507 0.0123643 0.0228239 0.0132983 0.0118908 0.0000010 0.0176864 0.0105544 
cassinoide 0.0177275 0.0065413 0.0065413 0.0079334 0.0000000 0.0083647 0.0075927 0.0083642 0.0056605 0.0112621 0.0133107 0.0020916 0.0114071 0.0065424 0.0189032 0.0122746 0.0165811 0.0093083 0.0189032 0.0056603 0.0031312 0.0094192 0.0039557 0.0043056 0.0177275 0.0112610 0.0056612 0.0112610 0.0023235 0.0083647 0.0039562 0.0031312 0.0043056 0.0056794 0.0093073 0.0023235 0.0083647 0.0112621 0.0083642 0.0097503 0.0093092 0.0074420 0.0210538 0.0112641 0.0103774 0.0093092 0.0065416 0.0097896 0.0133120 0.0074424 0.0122758 0.0039562 0.0039557 0.0031312 0.0083927 0.0074660 0.0065413 0.0083928 0.0074610 0.0083651 0.0043056 0.0048139 0.0122741 0.0056786 0.0097896 0.0122741 0.0031679 0.0039562 0.0102759 0.0165811 0.0122772 0.0107239 0.0040068 0.0083643 0.0133130 0.0039562 0.0047989 0.0020916 0.0039560 0.0189198 0.0056612 0.0025368 0.0112641 0.0031406 0.0047991 0.0154631 0.0043063 0.0093085 0.0093100 0.0046610 0.0074413 0.0007580 0.0112632 0.0165808 0.0058132 0.0042765 0.0047991 0.0074670 0.0065891 0.0103325 0.0025890 0.0093384 0.0031728 0.0015320 0.0074966 0.0093076 0.0133107 0.0065422 0.0122758 0.0128380 0.0144253 0.0093091 0.0093081 0.0065731 0.0176856 0.0065581 
clemensiae 0.0201121 0.0093087 0.0102747 0.0118908 0.0083647 0.0000000 0.0075929 0.0112639 0.0074425 0.0154662 0.0154662 0.0066556 0.0205562 0.0083659 0.0213502 0.0165844 0.0189063 0.0122775 0.0213502 0.0102747 0.0074430 0.0134809 0.0083650 0.0043062 0.0201121 0.0154652 0.0074434 0.0154652 0.0065422 0.0112654 0.0083653 0.0083650 0.0043062 0.0074679 0.0122773 0.0065422 0.0112654 0.0154662 0.0112639 0.0147821 0.0074429 0.0102755 0.0210548 0.0143795 0.0124048 0.0074429 0.0083648 0.0148448 0.0133136 0.0093092 0.0165855 0.0083653 0.0083650 0.0083650 0.0103103 0.0123183 0.0093087 0.0083930 0.0093323 0.0102760 0.0091529 0.0065632 0.0143758 0.0083930 0.0148448 0.0143758 0.0048570 0.0083653 0.0102761 0.0189063 0.0143797 0.0150402 0.0100882 0.0102750 0.0177312 0.0083653 0.0074425 0.0066556 0.0083650 0.0213700 0.0074434 0.0097235 0.0143795 0.0074676 0.0065425 0.0177305 0.0091544 0.0122787 0.0093101 0.0063507 0.0122765 0.0074425 0.0112634 0.0201121 0.0095729 0.0090861 0.0065425 0.0074672 0.0093796 0.0197190 0.0115896 0.0113013 0.0084847 0.0083653 0.0112055 0.0102747 0.0154662 0.0065423 0.0165855 0.0167936 0.0166441 0.0074428 0.0143795 0.0093560 0.0176864 0.0123107 
brachybotr 0.0169577 0.0104887 0.0075926 0.0118914 0.0075927 0.0075929 0.0000000 0.0075933 0.0048921 0.0115006 0.0136012 0.0000010 0.0166703 0.0075937 0.0158106 0.0146926 0.0136023 0.0085363 0.0158106 0.0095004 0.0066724 0.0125390 0.0057722 0.0020917 0.0169577 0.0136012 0.0015614 0.0136012 0.0057720 0.0125405 0.0075933 0.0075930 0.0020917 0.0015614 0.0115016 0.0057720 0.0125405 0.0115006 0.0075933 0.0147825 0.0048923 0.0115020 0.0177799 0.0104904 0.0136012 0.0048923 0.0057719 0.0148457 0.0115007 0.0066722 0.0125390 0.0075933 0.0057722 0.0075930 0.0085364 0.0115009 0.0104887 0.0057722 0.0040319 0.0075940 0.0020917 0.0023672 0.0125372 0.0075933 0.0148457 0.0125372 0.0057721 0.0075933 0.0095017 0.0136023 0.0115029 0.0107256 0.0100889 0.0040319 0.0136021 0.0075933 0.0066720 0.0000010 0.0075930 0.0158106 0.0015614 0.0066906 0.0104904 0.0066724 0.0023672 0.0146917 0.0020920 0.0136042 0.0085368 0.0123945 0.0115009 0.0066720 0.0057722 0.0158104 0.0067216 0.0082534 0.0023672 0.0048921 0.0104887 0.0157229 0.0083596 0.0066717 0.0077026 0.0075933 0.0112061 0.0085356 0.0136012 0.0057722 0.0125390 0.0197209 0.0169577 0.0048922 0.0115027 0.0104887 0.0146502 0.0115334 
atrocyaneu 0.0165850 0.0102734 0.0112631 0.0092102 0.0083642 0.0112639 0.0075933 0.0000000 0.0102746 0.0074418 0.0102732 0.0020916 0.0114071 0.0093085 0.0177314 0.0102739 0.0154673 0.0039561 0.0177314 0.0093074 0.0047987 0.0084632 0.0074418 0.0043056 0.0165850 0.0112629 0.0083652 0.0112629 0.0056603 0.0102742 0.0056604 0.0065417 0.0043056 0.0065639 0.0074418 0.0056603 0.0102742 0.0074418 0.0000010 0.0067073 0.0122779 0.0093076 0.0210538 0.0047995 0.0103783 0.0122779 0.0112638 0.0097896 0.0083639 0.0102746 0.0083644 0.0056604 0.0074418 0.0065417 0.0083928 0.0083917 0.0102734 0.0065632 0.0083868 0.0056614 0.0043056 0.0048142 0.0083634 0.0000010 0.0097896 0.0083634 0.0040032 0.0056604 0.0093094 0.0154673 0.0112653 0.0049947 0.0069315 0.0093095 0.0093079 0.0056604 0.0031309 0.0020916 0.0056602 0.0189238 0.0083652 0.0025368 0.0047995 0.0023305 0.0074424 0.0122750 0.0043063 0.0112634 0.0083658 0.0099578 0.0112621 0.0074421 0.0065423 0.0154670 0.0076493 0.0051920 0.0074424 0.0074676 0.0074980 0.0070921 0.0025889 0.0093391 0.0066328 0.0065419 0.0086955 0.0007580 0.0102732 0.0093088 0.0083644 0.0109923 0.0166445 0.0122777 0.0074425 0.0074796 0.0176856 0.0103014 
colebrooke 0.0189046 0.0083642 0.0039558 0.0118904 0.0056605 0.0074425 0.0048921 0.0102746 0.0000000 0.0143762 0.0143749 0.0000010 0.0166686 0.0093095 0.0201110 0.0154654 0.0177296 0.0112642 0.0201110 0.0074420 0.0065425 0.0124281 0.0039560 0.0020917 0.0189046 0.0143748 0.0047996 0.0143748 0.0056609 0.0102752 0.0074429 0.0074427 0.0020917 0.0048143 0.0112630 0.0056609 0.0102752 0.0143762 0.0102746 0.0147809 0.0031311 0.0093085 0.0177799 0.0133159 0.0113785 0.0031311 0.0007579 0.0148442 0.0143763 0.0047990 0.0154670 0.0074429 0.0039560 0.0074427 0.0113028 0.0093385 0.0083642 0.0039681 0.0015362 0.0093096 0.0020917 0.0039683 0.0154649 0.0074676 0.0148442 0.0154649 0.0057298 0.0074429 0.0093097 0.0177296 0.0093082 0.0107242 0.0100878 0.0023234 0.0165847 0.0074429 0.0065421 0.0000010 0.0074427 0.0201293 0.0047996 0.0066900 0.0133159 0.0065631 0.0039562 0.0165814 0.0020920 0.0112645 0.0083661 0.0081145 0.0093076 0.0047989 0.0102742 0.0189046 0.0032127 0.0080765 0.0039562 0.0031403 0.0084274 0.0157212 0.0083588 0.0048134 0.0075484 0.0056609 0.0112052 0.0112634 0.0143749 0.0039560 0.0154670 0.0189064 0.0155209 0.0047991 0.0112640 0.0084064 0.0146502 0.0112945 
ichangense 0.0083616 0.0154652 0.0122738 0.0147507 0.0112621 0.0154662 0.0115006 0.0074418 0.0143762 0.0000000 0.0065402 0.0066540 0.0185688 0.0133129 0.0093051 0.0023229 0.0074400 0.0074421 0.0093051 0.0143755 0.0093071 0.0007664 0.0122750 0.0091506 0.0083616 0.0031302 0.0122760 0.0031302 0.0102729 0.0154664 0.0083629 0.0093071 0.0091506 0.0093403 0.0122750 0.0102729 0.0154664 0.0000010 0.0074418 0.0130346 0.0165858 0.0143757 0.0091919 0.0093085 0.0066038 0.0165858 0.0154660 0.0166675 0.0047979 0.0143762 0.0007578 0.0102730 0.0122750 0.0093071 0.0123177 0.0133586 0.0154652 0.0103084 0.0123084 0.0093082 0.0091506 0.0083919 0.0031303 0.0074665 0.0166675 0.0031303 0.0066222 0.0102730 0.0154674 0.0074400 0.0133139 0.0128260 0.0100872 0.0133145 0.0015315 0.0083629 0.0112619 0.0066540 0.0102726 0.0102793 0.0122760 0.0081772 0.0093085 0.0065622 0.0112623 0.0083621 0.0091521 0.0165847 0.0143780 0.0160367 0.0165817 0.0102732 0.0102737 0.0074398 0.0105683 0.0090833 0.0112623 0.0113010 0.0123719 0.0138461 0.0053668 0.0133583 0.0094411 0.0093074 0.0138735 0.0083637 0.0065402 0.0133134 0.0007578 0.0028349 0.0083894 0.0165855 0.0112631 0.0123397 0.0066523 0.0133490 
hispidulum 0.0122726 0.0165805 0.0154635 0.0162550 0.0133107 0.0154662 0.0136012 0.0102732 0.0143749 0.0065402 0.0000000 0.0043050 0.0205504 0.0133130 0.0133100 0.0074400 0.0112603 0.0112627 0.0133100 0.0154635 0.0122744 0.0075278 0.0133111 0.0066540 0.0122726 0.0083618 0.0143767 0.0083618 0.0133118 0.0165818 0.0133120 0.0133115 0.0066540 0.0133608 0.0112613 0.0133118 0.0165818 0.0065402 0.0102732 0.0113589 0.0189076 0.0154637 0.0118671 0.0133140 0.0000010 0.0189076 0.0154645 0.0185676 0.0047980 0.0165837 0.0074407 0.0133120 0.0133111 0.0133115 0.0123178 0.0144247 0.0165805 0.0123177 0.0123073 0.0112631 0.0066540 0.0103080 0.0056591 0.0103076 0.0185676 0.0056591 0.0104060 0.0133120 0.0177316 0.0112603 0.0154667 0.0128250 0.0135034 0.0133132 0.0083624 0.0133120 0.0143749 0.0043050 0.0133115 0.0143854 0.0143767 0.0097212 0.0133140 0.0093382 0.0133125 0.0015313 0.0066550 0.0177290 0.0165858 0.0182640 0.0177268 0.0122734 0.0122754 0.0122726 0.0115885 0.0145344 0.0133125 0.0133594 0.0134176 0.0157158 0.0083563 0.0155200 0.0135133 0.0112608 0.0152728 0.0093072 0.0000010 0.0154661 0.0074407 0.0092195 0.0123144 0.0189073 0.0133125 0.0133822 0.0091497 0.0177798 
ayavacense 0.0146502 0.0020917 0.0020917 0.0020917 0.0020916 0.0066556 0.0000010 0.0020916 0.0000010 0.0066540 0.0043050 0.0000000 0.0000010 0.0000010 0.0146502 0.0091521 0.0091521 0.0000010 0.0146502 0.0000010 0.0000010 0.0066540 0.0000010 0.0020917 0.0146502 0.0091521 0.0000010 0.0091521 0.0000010 0.0020917 0.0020917 0.0000010 0.0020917 0.0000010 0.0000010 0.0000010 0.0020917 0.0066540 0.0020916 0.0000010 0.0020920 0.0020917 0.0177799 0.0043063 0.0043050 0.0020920 0.0000010 0.0020917 0.0043050 0.0000010 0.0066540 0.0000010 0.0000010 0.0000010 0.0000010 0.0000010 0.0020917 0.0000010 0.0000010 0.0020920 0.0020917 0.0000010 0.0043050 0.0020916 0.0020917 0.0043050 0.0020917 0.0000010 0.0020916 0.0091521 0.0020920 0.0043053 0.0043058 0.0000010 0.0066540 0.0020917 0.0020916 0.0000010 0.0000010 0.0146502 0.0000010 0.0000010 0.0043063 0.0000010 0.0000010 0.0043050 0.0020920 0.0020917 0.0020916 0.0000010 0.0000010 0.0000010 0.0020915 0.0091521 0.0000010 0.0026082 0.0000010 0.0000010 0.0020917 0.0020920 0.0000010 0.0020916 0.0000010 0.0000010 0.0021223 0.0020916 0.0043050 0.0000010 0.0066540 0.0000010 0.0146502 0.0043063 0.0020920 0.0020917 0.0146502 0.0043246 
obtusatum  0.0226192 0.0038961 0.0148417 0.0038961 0.0114071 0.0205562 0.0166703 0.0114071 0.0166686 0.0185688 0.0205504 0.0000010 0.0000000 0.0148433 0.0247808 0.0205554 0.0205503 0.0082329 0.0247808 0.0025523 0.0097892 0.0185688 0.0114062 0.0020917 0.0226192 0.0185688 0.0130911 0.0185688 0.0082317 0.0052891 0.0114073 0.0114085 0.0020917 0.0148448 0.0067330 0.0082317 0.0052891 0.0185688 0.0114071 0.0067330 0.0185733 0.0052891 0.0177799 0.0114089 0.0205504 0.0185733 0.0166686 0.0038961 0.0185676 0.0166686 0.0185688 0.0097892 0.0114062 0.0114085 0.0166686 0.0000010 0.0038961 0.0166703 0.0166686 0.0148457 0.0020917 0.0130911 0.0185676 0.0114071 0.0038961 0.0185676 0.0114073 0.0097892 0.0148453 0.0205503 0.0205612 0.0150370 0.0135047 0.0166686 0.0185688 0.0114073 0.0097880 0.0000010 0.0114067 0.0247808 0.0130911 0.0082317 0.0114089 0.0097892 0.0130911 0.0226209 0.0020920 0.0052891 0.0148453 0.0147294 0.0000010 0.0097892 0.0148433 0.0205503 0.0130897 0.0131897 0.0130911 0.0148433 0.0038961 0.0176712 0.0115878 0.0166663 0.0116881 0.0114085 0.0039313 0.0130894 0.0205504 0.0130918 0.0185688 0.0349759 0.0226192 0.0185727 0.0148438 0.0038961 0.0146502 0.0148888 
punctatum  0.0201121 0.0112643 0.0102751 0.0132986 0.0065424 0.0083659 0.0075937 0.0093085 0.0093095 0.0133129 0.0133130 0.0000010 0.0148433 0.0000000 0.0189059 0.0165847 0.0165844 0.0102750 0.0189059 0.0102750 0.0039564 0.0114009 0.0065426 0.0020917 0.0201121 0.0177307 0.0074436 0.0177307 0.0047994 0.0112651 0.0047995 0.0047993 0.0020917 0.0093414 0.0102748 0.0047994 0.0112651 0.0133129 0.0093085 0.0067081 0.0112660 0.0102752 0.0177799 0.0122779 0.0103791 0.0112660 0.0102757 0.0130918 0.0112628 0.0093095 0.0143771 0.0047995 0.0065426 0.0047993 0.0015376 0.0123187 0.0112643 0.0083934 0.0112939 0.0083657 0.0020917 0.0065634 0.0122748 0.0065631 0.0130918 0.0122748 0.0066229 0.0047995 0.0083658 0.0165844 0.0143805 0.0087220 0.0084782 0.0122786 0.0154664 0.0047995 0.0074428 0.0000010 0.0047993 0.0189226 0.0074436 0.0052557 0.0122779 0.0039684 0.0065427 0.0154658 0.0020920 0.0102752 0.0074436 0.0118933 0.0122770 0.0056612 0.0093088 0.0177300 0.0095732 0.0051928 0.0065427 0.0093404 0.0113517 0.0103324 0.0039529 0.0113017 0.0048647 0.0047995 0.0125200 0.0083647 0.0133130 0.0083659 0.0143771 0.0234525 0.0166441 0.0112658 0.0122779 0.0113225 0.0146502 0.0083871 
dilatatum  0.0007577 0.0226182 0.0177266 0.0246172 0.0189032 0.0213502 0.0158106 0.0177314 0.0201110 0.0093051 0.0133100 0.0146502 0.0247808 0.0189059 0.0000000 0.0083611 0.0015313 0.0177322 0.0000010 0.0213475 0.0201125 0.0094167 0.0165813 0.0176864 0.0007577 0.0074388 0.0201138 0.0074388 0.0189048 0.0252658 0.0189048 0.0213498 0.0176864 0.0189790 0.0213493 0.0189048 0.0252658 0.0093051 0.0177314 0.0269113 0.0226231 0.0239244 0.0021000 0.0201159 0.0124012 0.0226231 0.0213491 0.0270417 0.0133114 0.0226215 0.0102714 0.0213507 0.0165813 0.0213498 0.0155219 0.0177920 0.0226182 0.0201902 0.0177799 0.0189090 0.0176864 0.0155219 0.0133103 0.0177958 0.0270417 0.0133103 0.0145716 0.0213507 0.0213517 0.0015313 0.0189081 0.0198253 0.0212602 0.0189070 0.0112599 0.0189048 0.0201112 0.0146502 0.0213498 0.0007588 0.0201138 0.0165419 0.0201159 0.0166445 0.0189059 0.0133100 0.0176896 0.0239244 0.0201142 0.0230737 0.0213461 0.0177278 0.0154669 0.0039543 0.0148091 0.0207630 0.0189059 0.0189768 0.0190648 0.0240833 0.0188870 0.0189749 0.0217037 0.0189048 0.0230042 0.0189067 0.0133100 0.0213514 0.0102714 0.0092188 0.0007605 0.0226227 0.0177318 0.0190113 0.0000010 0.0267250 
betulifoli 0.0074393 0.0165817 0.0133108 0.0162567 0.0122746 0.0165844 0.0146926 0.0102739 0.0154654 0.0023229 0.0074400 0.0091521 0.0205554 0.0165847 0.0083611 0.0000000 0.0065396 0.0102744 0.0083611 0.0154646 0.0122753 0.0031647 0.0133121 0.0118119 0.0074393 0.0007578 0.0154674 0.0007578 0.0133127 0.0165840 0.0112616 0.0112627 0.0118119 0.0123202 0.0112621 0.0133127 0.0165840 0.0023229 0.0102739 0.0147795 0.0165864 0.0154649 0.0066837 0.0122772 0.0075142 0.0165864 0.0165836 0.0185721 0.0074407 0.0177310 0.0031304 0.0133129 0.0133121 0.0112627 0.0155225 0.0144258 0.0165817 0.0133604 0.0133489 0.0122769 0.0118119 0.0113013 0.0056595 0.0103083 0.0185721 0.0056595 0.0094273 0.0133129 0.0189087 0.0065396 0.0143768 0.0150400 0.0117632 0.0143774 0.0039550 0.0112616 0.0143760 0.0091521 0.0133125 0.0093124 0.0154674 0.0097232 0.0122772 0.0093389 0.0143766 0.0093052 0.0118138 0.0177303 0.0177334 0.0160335 0.0177282 0.0112619 0.0133139 0.0047974 0.0115892 0.0122689 0.0143766 0.0144280 0.0134186 0.0157196 0.0068348 0.0166434 0.0114294 0.0102730 0.0152743 0.0112627 0.0074400 0.0165853 0.0031304 0.0000010 0.0074640 0.0165861 0.0122757 0.0133832 0.0043044 0.0155107 
phlebotric 0.0023226 0.0201104 0.0154632 0.0210949 0.0165811 0.0189063 0.0136023 0.0154673 0.0177296 0.0074400 0.0112603 0.0091521 0.0205503 0.0165844 0.0015313 0.0065396 0.0000000 0.0154680 0.0015313 0.0189040 0.0177308 0.0075277 0.0143751 0.0118119 0.0023226 0.0056585 0.0177319 0.0056585 0.0165834 0.0226223 0.0165834 0.0189060 0.0118119 0.0166469 0.0189056 0.0165834 0.0226223 0.0074400 0.0154673 0.0225186 0.0201146 0.0213498 0.0066837 0.0177337 0.0103767 0.0201146 0.0189054 0.0226233 0.0112614 0.0201132 0.0083624 0.0189068 0.0143751 0.0189060 0.0133599 0.0155194 0.0201104 0.0177975 0.0155091 0.0165870 0.0118119 0.0133599 0.0112605 0.0155226 0.0226233 0.0112605 0.0124382 0.0189068 0.0189076 0.0000010 0.0165863 0.0150407 0.0172168 0.0165853 0.0093056 0.0165834 0.0177297 0.0091521 0.0189060 0.0023243 0.0177319 0.0129963 0.0177337 0.0144279 0.0165844 0.0112603 0.0118138 0.0213498 0.0177323 0.0230737 0.0189028 0.0154643 0.0133142 0.0023226 0.0126359 0.0181693 0.0165844 0.0166450 0.0167203 0.0197160 0.0150862 0.0166434 0.0192114 0.0165834 0.0197575 0.0165850 0.0112603 0.0189074 0.0083624 0.0092188 0.0023295 0.0201142 0.0154676 0.0166745 0.0043044 0.0240002 
ellipticum 0.0165858 0.0093076 0.0102747 0.0066964 0.0093083 0.0122775 0.0085363 0.0039561 0.0112642 0.0074421 0.0112627 0.0000010 0.0082329 0.0102750 0.0177322 0.0102744 0.0154680 0.0000000 0.0177322 0.0083639 0.0056606 0.0084636 0.0083643 0.0020917 0.0165858 0.0112634 0.0093094 0.0112634 0.0065417 0.0093083 0.0065417 0.0074422 0.0020917 0.0074687 0.0065416 0.0065417 0.0093083 0.0074421 0.0039561 0.0038822 0.0133164 0.0083640 0.0177799 0.0015322 0.0113792 0.0133164 0.0122774 0.0067343 0.0093079 0.0112642 0.0083648 0.0065417 0.0083643 0.0074422 0.0093403 0.0074666 0.0093076 0.0074680 0.0093335 0.0065429 0.0020917 0.0056791 0.0056607 0.0039682 0.0067343 0.0056607 0.0048572 0.0065417 0.0122784 0.0154680 0.0112657 0.0068149 0.0069324 0.0102761 0.0093083 0.0065417 0.0074420 0.0000010 0.0065415 0.0189246 0.0093094 0.0025371 0.0015322 0.0031406 0.0083650 0.0133132 0.0020920 0.0102744 0.0112656 0.0099578 0.0102732 0.0083647 0.0074430 0.0154676 0.0067215 0.0070909 0.0083650 0.0083933 0.0065897 0.0070929 0.0025892 0.0103089 0.0075480 0.0074425 0.0063330 0.0047990 0.0112627 0.0102754 0.0083648 0.0128411 0.0166452 0.0133162 0.0065426 0.0065737 0.0146502 0.0112939 
brachyandr 0.0007577 0.0226182 0.0177266 0.0246172 0.0189032 0.0213502 0.0158106 0.0177314 0.0201110 0.0093051 0.0133100 0.0146502 0.0247808 0.0189059 0.0000010 0.0083611 0.0015313 0.0177322 0.0000000 0.0213475 0.0201125 0.0094167 0.0165813 0.0176864 0.0007577 0.0074388 0.0201138 0.0074388 0.0189048 0.0252658 0.0189048 0.0213498 0.0176864 0.0189790 0.0213493 0.0189048 0.0252658 0.0093051 0.0177314 0.0269113 0.0226231 0.0239244 0.0021000 0.0201159 0.0124012 0.0226231 0.0213491 0.0270417 0.0133114 0.0226215 0.0102714 0.0213507 0.0165813 0.0213498 0.0155219 0.0177920 0.0226182 0.0201902 0.0177799 0.0189090 0.0176864 0.0155219 0.0133103 0.0177958 0.0270417 0.0133103 0.0145716 0.0213507 0.0213517 0.0015313 0.0189081 0.0198253 0.0212602 0.0189070 0.0112599 0.0189048 0.0201112 0.0146502 0.0213498 0.0007588 0.0201138 0.0165419 0.0201159 0.0166445 0.0189059 0.0133100 0.0176896 0.0239244 0.0201142 0.0230737 0.0213461 0.0177278 0.0154669 0.0039543 0.0148091 0.0207630 0.0189059 0.0189768 0.0190648 0.0240833 0.0188870 0.0189749 0.0217037 0.0189048 0.0230042 0.0189067 0.0133100 0.0213514 0.0102714 0.0092188 0.0007605 0.0226227 0.0177318 0.0190113 0.0000010 0.0267250 
toronis    0.0201096 0.0007579 0.0083637 0.0010370 0.0056603 0.0102747 0.0095004 0.0093074 0.0074420 0.0143755 0.0154635 0.0000010 0.0025523 0.0102750 0.0213475 0.0154646 0.0189040 0.0083639 0.0213475 0.0000000 0.0056607 0.0124274 0.0047985 0.0020917 0.0201096 0.0143740 0.0074428 0.0143740 0.0047987 0.0023235 0.0065418 0.0074423 0.0020917 0.0083933 0.0047981 0.0047987 0.0023235 0.0143755 0.0093074 0.0038816 0.0112647 0.0015318 0.0177799 0.0102741 0.0124026 0.0112647 0.0083642 0.0012545 0.0154650 0.0093085 0.0154662 0.0065418 0.0047985 0.0074423 0.0123190 0.0015372 0.0007579 0.0103095 0.0093316 0.0102752 0.0020917 0.0065627 0.0154640 0.0065624 0.0012545 0.0154640 0.0057296 0.0065418 0.0122785 0.0189040 0.0143786 0.0150370 0.0100870 0.0102742 0.0165838 0.0065418 0.0056603 0.0000010 0.0065416 0.0213673 0.0074428 0.0052548 0.0102741 0.0056783 0.0065420 0.0177272 0.0020920 0.0031309 0.0112657 0.0000010 0.0015317 0.0047987 0.0133141 0.0189036 0.0076483 0.0070910 0.0065420 0.0093394 0.0007636 0.0138462 0.0083581 0.0113005 0.0075480 0.0056607 0.0009845 0.0102731 0.0154635 0.0083650 0.0154662 0.0147707 0.0166421 0.0112646 0.0102736 0.0007619 0.0146502 0.0112939 
mongolicum 0.0189060 0.0065418 0.0074425 0.0066961 0.0031312 0.0074430 0.0066724 0.0047987 0.0065425 0.0093071 0.0122744 0.0000010 0.0097892 0.0039564 0.0201125 0.0122753 0.0177308 0.0056606 0.0201125 0.0056607 0.0000000 0.0075294 0.0039560 0.0020917 0.0189060 0.0133127 0.0047997 0.0133127 0.0007580 0.0065422 0.0007580 0.0015320 0.0020917 0.0056796 0.0074417 0.0007580 0.0065422 0.0093071 0.0047987 0.0052692 0.0083659 0.0056607 0.0177799 0.0074424 0.0094016 0.0083659 0.0074429 0.0082329 0.0102729 0.0065425 0.0102736 0.0007580 0.0039560 0.0015320 0.0056789 0.0074665 0.0065418 0.0056790 0.0083865 0.0056613 0.0020917 0.0039684 0.0102723 0.0023305 0.0082329 0.0102723 0.0031680 0.0007580 0.0074435 0.0177308 0.0112651 0.0068149 0.0054420 0.0093094 0.0112623 0.0007580 0.0031310 0.0000010 0.0007580 0.0201308 0.0047997 0.0012469 0.0074424 0.0000010 0.0039563 0.0143749 0.0020920 0.0074427 0.0065432 0.0046610 0.0074418 0.0023237 0.0083645 0.0177304 0.0067210 0.0008172 0.0039563 0.0065631 0.0065896 0.0055652 0.0012721 0.0083921 0.0015528 0.0015321 0.0063328 0.0056602 0.0122744 0.0056614 0.0102736 0.0167911 0.0155220 0.0083658 0.0074424 0.0065736 0.0146502 0.0048101 
cylindricu 0.0084610 0.0134801 0.0103970 0.0147507 0.0094192 0.0134809 0.0125390 0.0084632 0.0124281 0.0007664 0.0075278 0.0066540 0.0185688 0.0114009 0.0094167 0.0031647 0.0075277 0.0084636 0.0094167 0.0124274 0.0075294 0.0000000 0.0103980 0.0091506 0.0084610 0.0039989 0.0103989 0.0039989 0.0084631 0.0134812 0.0066165 0.0075294 0.0091506 0.0103999 0.0124272 0.0084631 0.0134812 0.0007664 0.0084632 0.0130346 0.0145613 0.0124276 0.0091919 0.0103989 0.0075278 0.0145613 0.0134808 0.0166675 0.0057239 0.0124281 0.0000010 0.0084632 0.0103980 0.0075294 0.0124281 0.0145586 0.0134801 0.0114011 0.0134817 0.0094199 0.0091506 0.0094194 0.0039990 0.0084632 0.0166675 0.0039990 0.0075360 0.0084632 0.0134820 0.0075277 0.0134811 0.0128260 0.0100872 0.0134817 0.0007664 0.0066165 0.0094190 0.0066540 0.0084629 0.0094167 0.0103989 0.0081772 0.0103989 0.0075294 0.0094194 0.0084615 0.0091521 0.0145603 0.0124296 0.0121798 0.0145586 0.0084634 0.0114006 0.0084610 0.0115903 0.0071791 0.0094194 0.0124281 0.0134801 0.0138461 0.0053668 0.0134795 0.0076371 0.0075296 0.0138735 0.0094188 0.0075278 0.0114013 0.0015491 0.0044246 0.0084610 0.0145610 0.0114011 0.0134801 0.0066523 0.0114317 
urceolatum 0.0177281 0.0056601 0.0047988 0.0079329 0.0039557 0.0083650 0.0057722 0.0074418 0.0039560 0.0122750 0.0133111 0.0000010 0.0114062 0.0065426 0.0165813 0.0133121 0.0143751 0.0083643 0.0165813 0.0047985 0.0039560 0.0103980 0.0000000 0.0020917 0.0177281 0.0122738 0.0056613 0.0122738 0.0031309 0.0074422 0.0047990 0.0056609 0.0020917 0.0065636 0.0083634 0.0031309 0.0074422 0.0122750 0.0074418 0.0097495 0.0074433 0.0065415 0.0177799 0.0102746 0.0103777 0.0074433 0.0047990 0.0097888 0.0133125 0.0074426 0.0133134 0.0047990 0.0000010 0.0056609 0.0083929 0.0065616 0.0056601 0.0083931 0.0056743 0.0083654 0.0020917 0.0048140 0.0133116 0.0048139 0.0097888 0.0133116 0.0040031 0.0047990 0.0102762 0.0143751 0.0122776 0.0107242 0.0069310 0.0065421 0.0143762 0.0047990 0.0039558 0.0000010 0.0047989 0.0165970 0.0056613 0.0025366 0.0102746 0.0039681 0.0047992 0.0154636 0.0020920 0.0083645 0.0093102 0.0030426 0.0065409 0.0031309 0.0093084 0.0143748 0.0040603 0.0051923 0.0047992 0.0074672 0.0057010 0.0103317 0.0053673 0.0074666 0.0057395 0.0039560 0.0074962 0.0083637 0.0133111 0.0065424 0.0133134 0.0147689 0.0144257 0.0093094 0.0083641 0.0056873 0.0146502 0.0093333 
obtectum   0.0176864 0.0000010 0.0043058 0.0000010 0.0043056 0.0043062 0.0020917 0.0043056 0.0020917 0.0091506 0.0066540 0.0020917 0.0020917 0.0020917 0.0176864 0.0118119 0.0118119 0.0020917 0.0176864 0.0020917 0.0020917 0.0091506 0.0020917 0.0000000 0.0176864 0.0118119 0.0020917 0.0118119 0.0020917 0.0000010 0.0043058 0.0020917 0.0000010 0.0020917 0.0020917 0.0020917 0.0000010 0.0091506 0.0043056 0.0020917 0.0043064 0.0000010 0.0210548 0.0066559 0.0066540 0.0043064 0.0020917 0.0000010 0.0066540 0.0020917 0.0091506 0.0020917 0.0020917 0.0020917 0.0020917 0.0020917 0.0000010 0.0020917 0.0020917 0.0043064 0.0043058 0.0020917 0.0066540 0.0043056 0.0000010 0.0066540 0.0000010 0.0020917 0.0043056 0.0118119 0.0043064 0.0066543 0.0020918 0.0020917 0.0091506 0.0043058 0.0043056 0.0020917 0.0020917 0.0176864 0.0020917 0.0020917 0.0066559 0.0020917 0.0020917 0.0066540 0.0043064 0.0000010 0.0043056 0.0000010 0.0020917 0.0020917 0.0043054 0.0118119 0.0020917 0.0054088 0.0020917 0.0020917 0.0000010 0.0043064 0.0020917 0.0043056 0.0021680 0.0020917 0.0000010 0.0043056 0.0066540 0.0020917 0.0091506 0.0000010 0.0176864 0.0066559 0.0043064 0.0000010 0.0176864 0.0066851 
setigerum  0.0000010 0.0213475 0.0165796 0.0228239 0.0177275 0.0201121 0.0169577 0.0165850 0.0189046 0.0083616 0.0122726 0.0146502 0.0226192 0.0201121 0.0007577 0.0074393 0.0023226 0.0165858 0.0007577 0.0201096 0.0189060 0.0084610 0.0177281 0.0176864 0.0000000 0.0065390 0.0189072 0.0065390 0.0177290 0.0239261 0.0177290 0.0201117 0.0176864 0.0177977 0.0201113 0.0177290 0.0239261 0.0083616 0.0165850 0.0246666 0.0213520 0.0226198 0.0021000 0.0189092 0.0113765 0.0213520 0.0201110 0.0247837 0.0122738 0.0213506 0.0093056 0.0201125 0.0177281 0.0201117 0.0166441 0.0166410 0.0213475 0.0189781 0.0166298 0.0177329 0.0176864 0.0144272 0.0122729 0.0166445 0.0247837 0.0122729 0.0134914 0.0201125 0.0201134 0.0023226 0.0177321 0.0198253 0.0191940 0.0177310 0.0102710 0.0177290 0.0189048 0.0146502 0.0201117 0.0015334 0.0189072 0.0147327 0.0189092 0.0155220 0.0177300 0.0122726 0.0176896 0.0226198 0.0189076 0.0206084 0.0201082 0.0165808 0.0165850 0.0047968 0.0137086 0.0194477 0.0177300 0.0177957 0.0178772 0.0218497 0.0169460 0.0177939 0.0204408 0.0177290 0.0213529 0.0177307 0.0122726 0.0201132 0.0093056 0.0075235 0.0000010 0.0213517 0.0165854 0.0178276 0.0000010 0.0253440 
foetidum   0.0065390 0.0154636 0.0122726 0.0147507 0.0112610 0.0154652 0.0136012 0.0112629 0.0143748 0.0031302 0.0083618 0.0091521 0.0185688 0.0177307 0.0074388 0.0007578 0.0056585 0.0112634 0.0074388 0.0143740 0.0133127 0.0039989 0.0122738 0.0118119 0.0065390 0.0000000 0.0143766 0.0000010 0.0122743 0.0177300 0.0122743 0.0122755 0.0118119 0.0113024 0.0122748 0.0122743 0.0177300 0.0031302 0.0112629 0.0165950 0.0154670 0.0165817 0.0066837 0.0133148 0.0084458 0.0154670 0.0154645 0.0166675 0.0083626 0.0165836 0.0039551 0.0143760 0.0122738 0.0122755 0.0166447 0.0133573 0.0154636 0.0144280 0.0123072 0.0133145 0.0118119 0.0103079 0.0065403 0.0113008 0.0166675 0.0065403 0.0084699 0.0143760 0.0201151 0.0056585 0.0154663 0.0173693 0.0100872 0.0133132 0.0047978 0.0122743 0.0133119 0.0091521 0.0143755 0.0083679 0.0143766 0.0081772 0.0133148 0.0103081 0.0133125 0.0102708 0.0118138 0.0189059 0.0189092 0.0160335 0.0165800 0.0102722 0.0143770 0.0039545 0.0105673 0.0133865 0.0133125 0.0133593 0.0123707 0.0176737 0.0083583 0.0155200 0.0124594 0.0112619 0.0138735 0.0122755 0.0083618 0.0154660 0.0039551 0.0000010 0.0065597 0.0154667 0.0133132 0.0123384 0.0043044 0.0166320 
erubescens 0.0189072 0.0083652 0.0056611 0.0092107 0.0056612 0.0074434 0.0015614 0.0083652 0.0047996 0.0122760 0.0143767 0.0000010 0.0130911 0.0074436 0.0201138 0.0154674 0.0177319 0.0093094 0.0201138 0.0074428 0.0047997 0.0103989 0.0056613 0.0020917 0.0189072 0.0143766 0.0000000 0.0143766 0.0039563 0.0102764 0.0056616 0.0056614 0.0020917 0.0015376 0.0112643 0.0039563 0.0102764 0.0122760 0.0083652 0.0113618 0.0047997 0.0093096 0.0177799 0.0112654 0.0113799 0.0047997 0.0056614 0.0114085 0.0122761 0.0047996 0.0133146 0.0056616 0.0056613 0.0056614 0.0093408 0.0093396 0.0083652 0.0056794 0.0048107 0.0074438 0.0020917 0.0007608 0.0133128 0.0056793 0.0114085 0.0133128 0.0040034 0.0056616 0.0093108 0.0177319 0.0133177 0.0107256 0.0069313 0.0056613 0.0143775 0.0056616 0.0047994 0.0000010 0.0056614 0.0201320 0.0000010 0.0038723 0.0112654 0.0048145 0.0007581 0.0165845 0.0020920 0.0112658 0.0083671 0.0081154 0.0093087 0.0047994 0.0102754 0.0189072 0.0049275 0.0061312 0.0007581 0.0048144 0.0084283 0.0120545 0.0053675 0.0065627 0.0057395 0.0056616 0.0086959 0.0093087 0.0143767 0.0056617 0.0133146 0.0211289 0.0155229 0.0047997 0.0112654 0.0084074 0.0146502 0.0093340 
mullaha    0.0065390 0.0154636 0.0122726 0.0147507 0.0112610 0.0154652 0.0136012 0.0112629 0.0143748 0.0031302 0.0083618 0.0091521 0.0185688 0.0177307 0.0074388 0.0007578 0.0056585 0.0112634 0.0074388 0.0143740 0.0133127 0.0039989 0.0122738 0.0118119 0.0065390 0.0000010 0.0143766 0.0000000 0.0122743 0.0177300 0.0122743 0.0122755 0.0118119 0.0113024 0.0122748 0.0122743 0.0177300 0.0031302 0.0112629 0.0165950 0.0154670 0.0165817 0.0066837 0.0133148 0.0084458 0.0154670 0.0154645 0.0166675 0.0083626 0.0165836 0.0039551 0.0143760 0.0122738 0.0122755 0.0166447 0.0133573 0.0154636 0.0144280 0.0123072 0.0133145 0.0118119 0.0103079 0.0065403 0.0113008 0.0166675 0.0065403 0.0084699 0.0143760 0.0201151 0.0056585 0.0154663 0.0173693 0.0100872 0.0133132 0.0047978 0.0122743 0.0133119 0.0091521 0.0143755 0.0083679 0.0143766 0.0081772 0.0133148 0.0103081 0.0133125 0.0102708 0.0118138 0.0189059 0.0189092 0.0160335 0.0165800 0.0102722 0.0143770 0.0039545 0.0105673 0.0133865 0.0133125 0.0133593 0.0123707 0.0176737 0.0083583 0.0155200 0.0124594 0.0112619 0.0138735 0.0122755 0.0083618 0.0154660 0.0039551 0.0000010 0.0065597 0.0154667 0.0133132 0.0123384 0.0043044 0.0166320 
chinshanen 0.0177290 0.0056603 0.0065417 0.0054956 0.0023235 0.0065422 0.0057720 0.0056603 0.0056609 0.0102729 0.0133118 0.0000010 0.0082317 0.0047994 0.0189048 0.0133127 0.0165834 0.0065417 0.0189048 0.0047987 0.0007580 0.0084631 0.0031309 0.0020917 0.0177290 0.0122743 0.0039563 0.0122743 0.0000000 0.0074425 0.0015320 0.0023236 0.0020917 0.0048145 0.0083637 0.0000010 0.0074425 0.0102729 0.0056603 0.0067073 0.0074431 0.0065418 0.0177799 0.0083645 0.0103782 0.0074431 0.0065421 0.0067333 0.0112617 0.0056609 0.0112626 0.0015320 0.0031309 0.0023236 0.0065630 0.0065619 0.0056603 0.0065631 0.0074615 0.0065425 0.0020917 0.0031406 0.0112611 0.0031404 0.0067333 0.0112611 0.0023506 0.0015320 0.0083658 0.0165834 0.0122781 0.0087224 0.0040067 0.0083650 0.0122751 0.0015320 0.0023234 0.0000010 0.0015319 0.0189214 0.0039563 0.0000010 0.0083645 0.0007608 0.0031311 0.0154644 0.0020920 0.0083648 0.0074437 0.0046610 0.0065412 0.0015320 0.0093081 0.0165821 0.0058136 0.0016525 0.0031311 0.0056786 0.0057012 0.0070921 0.0025889 0.0074664 0.0023540 0.0023237 0.0052018 0.0065412 0.0133118 0.0047993 0.0112626 0.0167911 0.0144264 0.0074430 0.0083645 0.0056875 0.0146502 0.0056743 
stenocalyx 0.0239261 0.0015319 0.0112638 0.0010371 0.0083647 0.0112654 0.0125405 0.0102742 0.0102752 0.0154664 0.0165818 0.0020917 0.0052891 0.0112651 0.0252658 0.0165840 0.0226223 0.0093083 0.0252658 0.0023235 0.0065422 0.0134812 0.0074422 0.0000010 0.0239261 0.0177300 0.0102764 0.0177300 0.0074425 0.0000000 0.0074427 0.0083652 0.0000010 0.0113044 0.0056601 0.0074425 0.0000010 0.0154664 0.0102742 0.0038817 0.0143812 0.0007580 0.0210548 0.0112641 0.0134538 0.0143812 0.0112645 0.0012546 0.0165845 0.0122784 0.0165858 0.0074427 0.0074422 0.0083652 0.0133620 0.0039678 0.0015319 0.0113032 0.0123095 0.0112653 0.0043058 0.0093405 0.0165824 0.0074673 0.0012546 0.0165824 0.0066232 0.0074427 0.0133175 0.0226223 0.0154698 0.0150375 0.0100882 0.0133159 0.0177315 0.0074427 0.0083648 0.0020917 0.0074424 0.0252902 0.0102764 0.0081775 0.0112641 0.0065629 0.0093096 0.0189044 0.0043064 0.0023236 0.0122800 0.0014906 0.0039557 0.0074425 0.0143786 0.0226217 0.0105696 0.0080762 0.0093096 0.0123201 0.0015433 0.0138466 0.0083583 0.0144287 0.0084848 0.0065422 0.0009846 0.0112630 0.0165818 0.0112656 0.0165858 0.0167936 0.0201887 0.0143810 0.0112636 0.0015398 0.0176864 0.0123109 
lantana    0.0177290 0.0074421 0.0065417 0.0079336 0.0039562 0.0083653 0.0075933 0.0056604 0.0074429 0.0083629 0.0133120 0.0020917 0.0114073 0.0047995 0.0189048 0.0112616 0.0165834 0.0065417 0.0189048 0.0065418 0.0007580 0.0066165 0.0047990 0.0043058 0.0177290 0.0122743 0.0056616 0.0122743 0.0015320 0.0074427 0.0000000 0.0023236 0.0043058 0.0065639 0.0083639 0.0015320 0.0074427 0.0083629 0.0056604 0.0067075 0.0093099 0.0065419 0.0147223 0.0083647 0.0103783 0.0093099 0.0083652 0.0097898 0.0112619 0.0074429 0.0093071 0.0015320 0.0047990 0.0023236 0.0065631 0.0083917 0.0074421 0.0065632 0.0093328 0.0065426 0.0043058 0.0048142 0.0112612 0.0031405 0.0097898 0.0112612 0.0040032 0.0015320 0.0083659 0.0165834 0.0122783 0.0087226 0.0069317 0.0102756 0.0102726 0.0000010 0.0039559 0.0020917 0.0015319 0.0189214 0.0056616 0.0025368 0.0083647 0.0007608 0.0047994 0.0154646 0.0043064 0.0083650 0.0074438 0.0046610 0.0083640 0.0031312 0.0093083 0.0165821 0.0076493 0.0000010 0.0047994 0.0074676 0.0074980 0.0070922 0.0025889 0.0093391 0.0023541 0.0023237 0.0074968 0.0065413 0.0133120 0.0065427 0.0093071 0.0167911 0.0144264 0.0093098 0.0083646 0.0074796 0.0118087 0.0056744 
prunifoliu 0.0201117 0.0083645 0.0083645 0.0079342 0.0031312 0.0083650 0.0075930 0.0065417 0.0074427 0.0093071 0.0133115 0.0000010 0.0114085 0.0047993 0.0213498 0.0112627 0.0189060 0.0074422 0.0213498 0.0074423 0.0015320 0.0075294 0.0056609 0.0020917 0.0201117 0.0122755 0.0056614 0.0122755 0.0023236 0.0083652 0.0023236 0.0000000 0.0020917 0.0056796 0.0083644 0.0023236 0.0083652 0.0093071 0.0065417 0.0067081 0.0074436 0.0074424 0.0177799 0.0093087 0.0103780 0.0074436 0.0083650 0.0097908 0.0112615 0.0074427 0.0102736 0.0023236 0.0056609 0.0000010 0.0065629 0.0093389 0.0083645 0.0065630 0.0093325 0.0065423 0.0020917 0.0048141 0.0102723 0.0039682 0.0097908 0.0102723 0.0031680 0.0023236 0.0083657 0.0189060 0.0122779 0.0068149 0.0040073 0.0102752 0.0112623 0.0023236 0.0047991 0.0000010 0.0023235 0.0213696 0.0056614 0.0025371 0.0093087 0.0015375 0.0047993 0.0154640 0.0020920 0.0093090 0.0074435 0.0081142 0.0093080 0.0023237 0.0093079 0.0177304 0.0076490 0.0025068 0.0047993 0.0074673 0.0084277 0.0070929 0.0000010 0.0093387 0.0000010 0.0015321 0.0074973 0.0074417 0.0133115 0.0065425 0.0102736 0.0147712 0.0166438 0.0074435 0.0093087 0.0084068 0.0146502 0.0031389 
divaricatu 0.0176864 0.0000010 0.0043058 0.0000010 0.0043056 0.0043062 0.0020917 0.0043056 0.0020917 0.0091506 0.0066540 0.0020917 0.0020917 0.0020917 0.0176864 0.0118119 0.0118119 0.0020917 0.0176864 0.0020917 0.0020917 0.0091506 0.0020917 0.0000010 0.0176864 0.0118119 0.0020917 0.0118119 0.0020917 0.0000010 0.0043058 0.0020917 0.0000000 0.0020917 0.0020917 0.0020917 0.0000010 0.0091506 0.0043056 0.0020917 0.0043064 0.0000010 0.0210548 0.0066559 0.0066540 0.0043064 0.0020917 0.0000010 0.0066540 0.0020917 0.0091506 0.0020917 0.0020917 0.0020917 0.0020917 0.0020917 0.0000010 0.0020917 0.0020917 0.0043064 0.0043058 0.0020917 0.0066540 0.0043056 0.0000010 0.0066540 0.0000010 0.0020917 0.0043056 0.0118119 0.0043064 0.0066543 0.0020918 0.0020917 0.0091506 0.0043058 0.0043056 0.0020917 0.0020917 0.0176864 0.0020917 0.0020917 0.0066559 0.0020917 0.0020917 0.0066540 0.0043064 0.0000010 0.0043056 0.0000010 0.0020917 0.0020917 0.0043054 0.0118119 0.0020917 0.0054088 0.0020917 0.0020917 0.0000010 0.0043064 0.0020917 0.0043056 0.0021680 0.0020917 0.0000010 0.0043056 0.0066540 0.0020917 0.0091506 0.0000010 0.0176864 0.0066559 0.0043064 0.0000010 0.0176864 0.0066851 
henryi     0.0177977 0.0093405 0.0074677 0.0105298 0.0056794 0.0074679 0.0015614 0.0065639 0.0048143 0.0093403 0.0133608 0.0000010 0.0148448 0.0093414 0.0189790 0.0123202 0.0166469 0.0074687 0.0189790 0.0083933 0.0056796 0.0103999 0.0065636 0.0020917 0.0177977 0.0113024 0.0015376 0.0113024 0.0048145 0.0113044 0.0065639 0.0056796 0.0020917 0.0000000 0.0103104 0.0048145 0.0113044 0.0093403 0.0065639 0.0130385 0.0048145 0.0103107 0.0177799 0.0093419 0.0134560 0.0048145 0.0056790 0.0130932 0.0113023 0.0065636 0.0103105 0.0065639 0.0065636 0.0056796 0.0113040 0.0103097 0.0093405 0.0056793 0.0039685 0.0074690 0.0020917 0.0023308 0.0103092 0.0065639 0.0130932 0.0103092 0.0040038 0.0065639 0.0093416 0.0166469 0.0113044 0.0107256 0.0069324 0.0039685 0.0113031 0.0065639 0.0056793 0.0000010 0.0065637 0.0189790 0.0015376 0.0052562 0.0093419 0.0056796 0.0023308 0.0155233 0.0020920 0.0123217 0.0083946 0.0100266 0.0103097 0.0048147 0.0074680 0.0166465 0.0067215 0.0071172 0.0023308 0.0048143 0.0093804 0.0138504 0.0053683 0.0083927 0.0057583 0.0056798 0.0099322 0.0074682 0.0133608 0.0056793 0.0103105 0.0148726 0.0177977 0.0048144 0.0103113 0.0093569 0.0146502 0.0093658 
